
0.735790389698 
0.485391055466 1.29744670513 
0.543161820899 0.500964408555 3.18010004822 
1.45999531047 0.227826574209 0.397358949897 0.240836614802 
1.1997057046 3.02083361006 1.83921614699 1.1909457034 0.32980150463 
1.1709490428 1.36057419042 1.24048850864 3.76162520837 0.140748891814 5.52891917793 
1.95588357496 0.418763308518 1.35587234449 0.798473248968 0.418203192284 0.609846305383 0.423579992176 
0.716241444998 1.45614116634 2.41450143421 0.778142664022 0.354058109831 2.43534113114 1.62689105698 0.539859124954 
0.605899003687 0.232036445142 0.283017326278 0.418555732462 0.774894022794 0.236202451204 0.186848046932 0.189296292376 0.252718447885 
0.800016530518 0.622711669692 0.211888159615 0.218131577594 0.831842640142 0.580737093181 0.372625175087 0.217721159236 0.348072209797 3.8909637733 
1.29520126678 5.41111514149 1.59313704346 1.03244792495 0.285078800906 3.94527767452 2.80242715168 0.752042440303 1.02250703589 0.406193586642 0.445570274261 
1.25375826666 0.983692987457 0.648441278787 0.222621897958 0.76768882348 2.49489607711 0.55541539747 0.459436173579 0.984311525359 3.3647977631 6.03055937957 1.07306118433 
0.492964679748 0.371644693209 0.354861249223 0.281730694207 0.441337471187 0.14435695975 0.291409084165 0.368166464453 0.714533703928 1.51735932595 2.06483970324 0.266924750511 1.77385516883 
1.17327590092 0.448133661718 0.494887043702 0.730628272998 0.356008498769 0.858570575674 0.926563934846 0.504086599527 0.527007339151 0.388355409206 0.374555687471 1.04738345072 0.454123625103 0.233597909629 
4.32509268706 1.12278310421 2.90410165646 1.58275414206 1.19718841509 1.9348709246 1.76989323894 1.50932625322 1.11702976291 0.35754441246 0.352969184527 1.75216591782 0.918723415746 0.540027644824 1.16912957772 
1.72917801948 0.914665954563 1.89817363453 0.934187509431 1.11983135852 1.2774802946 1.07109723601 0.641436011405 0.585407090225 1.17909119726 0.915259857694 1.3038752008 1.48854805372 0.488206118793 1.00545168315 5.15155629227 
0.465839367725 0.426382310122 0.191482046247 0.145345046279 0.527664418872 0.758653808642 0.407635648938 0.508358924638 0.30124860078 0.34198578754 0.6914746346 0.332243040634 0.888101098152 2.0743248935 0.252214830027 0.387925622098 0.513128126891 
0.718206697586 0.720517441216 0.538222519037 0.261422208965 0.470237733696 0.95898974285 0.596719300346 0.308055737035 4.21895396939 0.674617093228 0.811245856323 0.7179934869 0.951682162246 6.7472604308 0.369405319355 0.796751520761 0.801010243199 4.05441900656 
2.18777452201 0.438388343772 0.312858797993 0.258129289418 1.11635247861 0.530785790125 0.524253846338 0.25334079019 0.20155597175 8.31183940546 2.23140568891 0.498138475304 2.57585075531 0.838119610178 0.496908410676 0.561925457442 2.25307405118 0.266508731426 1.0 

0.074 0.052 0.045 0.054 0.025 0.034 0.054 
0.074 0.026 0.068 0.099 0.058 0.025 0.047 
0.039 0.057 0.051 0.013 0.032 0.073 // this is the end of the file.