
Rates for sites

[replicate 1]
 0.7934  0.7934  0.2288  0.0272  0.0272  0.7934  2.9507  2.9507  2.9507  0.0272 
 0.2288  0.7934  2.9507  0.2288  0.7934  0.2288  0.2288  2.9507  0.7934  0.2288 
 0.2288  0.7934  0.0272  2.9507  2.9507  0.0272  0.7934  0.2288  0.2288  0.7934 
 0.0272  0.2288  0.2288  0.7934  0.0272  0.7934  2.9507  0.0272  0.2288  0.2288 
 2.9507  2.9507  2.9507  0.2288  2.9507  2.9507  2.9507  0.7934  0.7934  0.7934 
 0.2288  0.7934  0.7934  0.7934  0.0272  0.2288  0.2288  2.9507  0.0272  0.0272 
 0.2288  0.2288  0.7934  0.7934  0.0272  0.7934  0.2288  0.0272  2.9507  2.9507 
 0.0272  0.7934  2.9507  0.2288  0.0272  2.9507  2.9507  2.9507  0.7934  2.9507 
 2.9507  2.9507  0.0272  0.2288  2.9507  0.7934  0.0272  2.9507  2.9507  0.0272 
 2.9507  0.0272  0.0272  0.7934  0.2288  0.7934  0.0272  0.2288  0.0272  0.0272 
 0.7934  0.0272  0.2288  2.9507  2.9507  2.9507  0.2288  0.7934  0.2288  0.7934 
 0.2288  0.2288  0.0272  0.7934  0.7934  0.7934  0.7934  0.7934  2.9507  0.2288 
 0.7934  0.0272  2.9507  2.9507  0.0272  0.0272  0.7934  0.0272  0.7934  0.2288 
 2.9507  0.7934  0.2288  0.0272  0.7934  2.9507  0.7934  0.7934  0.0272  2.9507 
 0.2288  2.9507  0.2288  0.0272  2.9507  2.9507  2.9507  0.0272  0.2288  0.0272 
 0.7934  2.9507  0.7934  0.0272  0.7934  0.7934  0.2288  0.0272  0.2288  0.0272 
 0.7934  0.7934  2.9507  2.9507  2.9507  2.9507  0.7934  0.2288  0.0272  2.9507 
 0.0272  0.7934  0.0272  0.0272  0.2288  0.2288  0.0272  2.9507  0.2288  0.2288 
 0.0272  2.9507  0.0272  2.9507  0.0272  2.9507  0.7934  0.0272  0.2288  0.2288 
 0.0272  2.9507  2.9507  2.9507  2.9507  2.9507  0.0272  0.0272  0.7934  2.9507 
 0.7934  0.2288  0.7934  0.2288  0.0272  0.0272  0.0272  0.0272  0.2288  0.2288 
 0.0272  0.0272  0.2288  0.2288  2.9507  2.9507  0.0272  2.9507  0.0272  0.7934 
 0.2288  2.9507  0.2288  0.2288  2.9507  0.7934  0.0272  0.0272  0.7934  0.0272 
 0.0272  2.9507  2.9507  0.7934  0.0272  0.0272  0.0272  0.0272  0.2288  0.7934 
 0.7934  0.7934  0.0272  0.0272  0.2288  0.0272  2.9507  2.9507  0.0272  0.2288 
 0.0272  0.2288  0.7934  0.0272  0.0272  0.2288  0.0272  2.9507  0.0272  0.7934 
 0.7934  0.2288  0.0272  0.2288  2.9507  0.0272  0.7934  0.7934  0.7934  2.9507 
 0.2288  0.2288  0.7934  0.0272  0.2288  2.9507  0.2288  0.2288  0.2288  0.2288 
 0.7934  0.2288  0.2288  2.9507  2.9507  2.9507  0.7934  0.7934  0.2288  0.2288 
 0.2288  0.7934  0.0272  0.0272  2.9507  2.9507  0.0272  0.7934  0.0272  0.7934 
 0.0272  2.9507  0.0272  0.0272  0.0272  0.2288  2.9507  0.0272  2.9507  0.7934 
 2.9507  0.2288  0.2288  0.2288  0.0272  0.0272  0.2288  0.0272  2.9507  0.2288 
 0.7934  2.9507  0.0272  0.2288  0.2288  0.0272  2.9507  0.7934  0.0272  0.2288 
 0.7934  0.7934  0.2288 
